 ю = 3B00
 
 00 00000000
 00 00000000
 4E 01001110
 4A 01001010
 7A 01111010
 4A 01001010
 4E 01001110
 00 00000000
 
 ьі = 3BC8
 
 00 00000000 00000000 00
 00 00000000 00001000 08
 42 01000010 00000000 00
 42 01000010 00001000 08
 72 01110010 00001000 08
 4A 01001010 00001000 08
 72 01110010 00011100 1C
 00 00000000 00000000 00

 ЬІ = 3CC8
 
 00 00000000 00000000 00
 42 01000010 00011100 1C
 42 01000010 00001000 08
 72 01110010 00001000 08
 4A 01001010 00001000 08
 4A 01001010 00001000 08
 72 01110010 00011100 1C
 00 00000000 00000000 00
 
 є  = 3BE0
 
 00 00000000 00000000 00
 00 00000000 00000000 00
 38 00111000 00011100 1C
 44 01000100 00100010 22
 1C 00011100 00111000 38
 44 01000100 00100010 22
 38 00111000 00011100 1C
 00 00000000 00000000 00
 
 Є  = 3CE0
 
 00 00000000 00000000 00
 3C 00111100 00111100 3C
 42 01000010 01000010 42
 0E 00001110 01110000 70
 02 00000010 01000000 40
 42 01000010 01000010 42
 3C 00111100 00111100 3C
 00 00000000 00000000 00
 
 
 
 (R) = 3CF8
 
 3C 00111100 00000000 00
 42 01000010 00010100 14
 BD 10111101 00001000 08
 A5 10100101 00001000 08
 B9 10111001 00001000 08
 A5 10100101 00001000 08
 42 01000010 00011100 1C
 3C 00111100 00000000 00
 
 _ = 3BF8
 
 00 00000000 00000000 00
 00 00000000 00000000 00
 00 00000000 00010100 14
 00 00000000 00001000 08
 00 00000000 00001000 08
 00 00000000 00001000 08
 00 00000000 00011100 1C
 7E 01111110 00000000 00

 Banner proc: 0x3935
 Banner addr: 0x395A